%YAML:1.0
---
camera_matrix: !!opencv-matrix
   rows: 3
   cols: 3
   dt: d
   data: [ 754.36670795135853, 0., 975.03623738172621, 0.,
       753.9476428514879, 546.04579823013853, 0., 0., 1. ]
dist_coeffs: !!opencv-matrix
   rows: 1
   cols: 5
   dt: d
   data: [ -0.16773255148672941, 0.039338016308823102,
       -9.1508881382754499e-06, -7.4318148251094102e-05,
       -0.0068245362591270653 ]
