%YAML:1.0
---
camera_matrix: !!opencv-matrix
   rows: 3
   cols: 3
   dt: d
   data: [ 864.50754414711537, 0., 972.41552440587373, 0.,
       864.55779106994544, 557.40250593817245, 0., 0., 1. ]
dist_coeffs: !!opencv-matrix
   rows: 1
   cols: 5
   dt: d
   data: [ -0.20905554294894599, 0.073739239831044356,
       -0.00010245824086504414, 0.00067245505108507408,
       -0.024553002799412537 ]
